# hidden_weights rows: [bias, w_x1, w_x2]
0.00762 0.34766 0.03983
-0.01666 -0.16926 0.10795
0.03691 0.31240 -0.01448
-0.06629 0.20822 -0.07841
-0.15661 0.03146 0.04278
-0.00923 0.02709 0.04108
-0.05717 0.08684 0.01679
0.14823 0.14013 0.06628
0.03003 0.01288 0.49987
0.05943 0.00754 0.07600
0.03074 0.27873 -0.11846
0.14504 0.11387 -0.02413
0.13309 0.09469 -0.01174
-0.11808 -0.27720 0.08280
-0.01502 -0.02801 0.06383
0.11495 0.05172 0.04218
-0.09033 -0.06507 0.02035
0.07834 0.24428 -0.23798
0.00171 -0.04307 0.27946
-0.03605 -0.00946 -0.01107
-0.04658 0.03718 0.02417
0.00837 -0.01662 0.04405
0.05762 0.09136 0.01624
0.05081 0.15225 -0.13483
-0.18615 0.17044 0.05355
-0.19318 -0.35022 0.04707
0.00235 0.04095 -0.07720
-0.12903 0.00020 -0.20987
0.01679 0.02134 0.21627
0.07520 -0.15417 -0.01437
0.06157 0.15806 0.01163
-0.13923 -0.15236 0.01826
0.18436 0.08179 -0.02967
0.08110 0.21460 0.00091
-0.05802 -0.03236 0.09384
-0.03728 -0.07287 0.09857
-0.02216 -0.02205 0.19019
-0.00782 -0.03296 0.13600
0.10689 0.12138 -0.26595
-0.02052 0.05774 0.27344
0.00866 -0.10578 0.02019
0.07005 -0.09886 -0.01694
0.08488 -0.04472 -0.06619
-0.06417 0.01433 0.08539
-0.00061 0.46923 0.10513
0.05210 -0.12676 0.05289
0.00890 0.15334 0.05971
-0.10533 0.06242 -0.00253
0.03033 -0.19416 0.13976
0.18880 -0.02734 -0.04014
