# hidden_weights rows: [bias, w_x1, w_x2]
0.16177 0.16541 0.24523
-0.02002 0.11149 0.07612
0.05844 0.25780 0.04923
0.11866 0.04350 0.12095
0.13535 0.14660 0.04728
0.03936 0.09372 0.07673
0.15726 0.22931 0.21736
0.10024 0.20862 0.06427
-0.01887 0.08789 -0.15936
-0.07881 -0.07269 -0.06478
0.03731 0.14528 0.28482
0.14029 0.17693 0.07137
0.04389 -0.05826 0.06933
0.03975 0.11523 0.14290
-0.01599 0.04351 0.00077
0.09381 0.20268 0.06447
0.18671 0.41429 0.06032
0.13498 -0.01900 0.25835
-0.05512 0.22252 0.04133
0.21586 0.10262 0.23114
0.23179 -0.12203 0.18458
0.06162 0.20137 -0.14656
0.17731 0.22738 0.24876
-0.03797 0.16030 0.06617
0.30381 0.12977 0.10001
0.03150 0.03710 -0.06623
-0.11292 0.35253 0.06247
0.10921 0.22584 0.23176
0.05529 0.05684 0.15158
0.13866 0.24735 0.19558
0.25303 0.19077 0.24039
0.04920 0.11569 0.03576
-0.02219 0.13046 0.17412
-0.01761 0.14871 0.04631
0.15639 -0.04888 -0.03514
0.05712 0.07695 0.04420
-0.10925 0.10106 0.06637
-0.04524 -0.20290 0.12277
-0.00677 0.04809 -0.00075
-0.12657 0.04281 0.10394
0.11539 0.10009 -0.09303
0.02476 0.31795 -0.02812
0.16852 0.08609 0.04295
0.21243 0.29519 0.11221
0.16803 0.31995 0.23191
0.14708 0.12059 0.16433
-0.15705 -0.10312 0.02137
0.35087 0.19911 0.14410
-0.03191 0.19215 0.00658
0.24276 0.04522 0.18821
