# hidden_weights rows: [bias, w_x1, w_x2]
34164.98653 20167.66210 42578.51181
19829.69786 11707.34074 24714.04703
27.96310 28.08946 28.94768
5449.16980 3223.63283 6788.13193
1019.93965 611.01527 1266.90954
30624.89065 18078.91156 38166.46821
12549764.73491 2917749.53218 7843744.52784
2182.88006 1296.58217 2716.97285
61571.63786 36340.59366 76736.91725
60976.15797 35988.83202 75994.78264
211.53343 135.11171 258.92297
2065.39915 1227.57258 2570.59324
11990245.56356 2787665.64723 7494038.64542
9966129.95657 2317072.87863 6228943.04556
2329.48817 1383.09228 2899.47389
4672.18362 2765.13589 5819.96139
3389.39166 2008.50379 4220.75678
2753.04744 1633.03164 3427.36425
9016141.34726 2096207.77070 5635189.35208
875.28294 525.69609 1087.12618
30557.63831 18039.17171 38082.56641
319.65310 198.26611 393.86219
31748.44989 18742.22795 39566.67530
753.35445 453.91591 934.47315
19469.62231 11496.32682 24263.04143
11300435.06731 2627289.73288 7062899.15211
14650.50192 8652.64720 18256.71839
30.82968 28.34065 34.44104
480.06086 292.72705 593.96855
43209.43573 25504.91467 53851.13768
1938.03334 1152.50440 2411.53230
2429.48354 1442.17225 3024.19901
135.19408 90.31647 163.43497
29600.45424 17474.70429 36889.56265
311135.69040 72359.06032 194460.59629
3627063.73159 843286.43731 2266953.88006
3619.12654 2143.93391 4506.90824
12281.46545 7254.97029 15303.93100
2312.35265 1373.12137 2878.24565
3097.08718 747.76942 1931.51761
1747.88895 1039.85797 2174.42071
1489.74704 887.95290 1852.76804
36074.81646 21295.00486 44958.72942
11863.85712 7008.33233 14783.56394
1068.79666 639.95828 1327.75368
78.00778 57.00747 92.02273
46.41729 38.67877 52.36562
6397.60718 3783.15796 7970.29666
56911.18653 33590.44246 70928.28966
2786.64501 1653.07826 3469.66980
58241.93932 34375.41580 72586.90438
54473.11461 32151.16769 67889.52701
28674.34801 16928.08686 35735.62616
8313.43766 4913.41109 10357.94723
1256.61403 321.17416 780.99261
208.97801 133.37927 255.41622
148.16177 97.63113 179.76460
5860.16619 3465.91699 7300.64437
24294.01480 14342.93637 30275.72406
5726641.59239 1331422.52473 3579214.30876
32.43828 30.71317 34.62087
8955.09629 5292.21500 11157.92311
2471873153656980625198415142728672758561131986944.00000 1079471446734815307733785948573869819758360133632.00000 226682924983745910812161346888361824575670976512.00000
261.90226 164.40459 321.52830
1100065.80131 255778.75413 687551.01621
4386.78348 2596.92164 5463.97576
2841.07738 1684.97420 3537.30429
101.70008 70.71977 121.89029
547.59814 332.80160 678.33596
6209.83822 3672.38660 7736.20611
5471758771916051297535893912299486979936406139593750225534577854747334175106375684773718700757140360827289983779363337933349683810821861839732736.00000 1318429643135584124680004481773145924625876277449986684475353608407910288454582707376549904459423490317653000092462219061028645624828430181728256.00000 548737750311123840364829246020112080543632354050391210265497878112845745722541337689123714933560947957831390179413377897660100416000871289061376.00000
62270.34511 36752.44054 77607.95376
29939.56605 17674.55456 37312.30321
182150.01749 42372.15794 113842.78116
792.08217 476.47541 983.17178
12429815.94828 2889862.04559 7768775.51378
34678.73408 20470.24222 43220.22733
16891133216653265047197951567244047585458817859584.00000 7376388219353362167469698293675237526208797212672.00000 1548999987388676360130286667782302669927144751104.00000
6671279.98311 1551044.44569 4169624.02583
353.86532 218.56714 436.51309
41249.56089 24348.51801 51408.64564
4913.71792 2907.96346 6120.72652
61065.41758 36041.48515 76106.14834
8752931.78711 2035013.57128 5470680.33722
2383546.29594 554174.51566 1489743.36586
33381.42825 19705.60508 41602.27843
206.02976 131.93079 252.07845
54315.51204 32058.35741 67693.76477
38.91882 34.53489 43.08748
3522.75002 2086.95354 4386.98436
3011810.72744 700241.41360 1882415.29862
496.14598 302.14978 613.96188
11393.07725 6730.70306 14196.80512
52624.14619 31060.44751 65585.21842
59091.74337 34877.20364 73646.01452
11391880.24779 2648549.89668 7120053.50169
35539.69629 20978.84431 44292.03210
21308.23092 4979.72849 13314.19889
19738.42770 11655.21547 24597.87922
18446.40290 10892.74208 22987.98816
